set  #      time  wrong
1    102    12    0
1    272     4    0
1    10038   9    1
1    10035  17    3
1    673    11    0
1    439    19    0

set  #      time  wrong
2    10018   8    0
2    575     8    0
2    10189  12    0
2    10004  16    0
2    105    30    0
2    111    37    0

set  #      time  wrong
3    11875   5    0
3    156     7    0
3    119    20    1
3    151    13    0
3    130    33    1
3    562    46    4

set  #      time  wrong
4    10041  8     1
4    10924  10    2
4    10340  8     0
4    116    66+   4      PARTIAL
4    10579  16    0
